23513712
25286936
28110227
32079331
1348131
19524
1021
6936
1143
1395
2020
27456
1127
1003
4222
1097
1185
1008
1148
2820
3924
1058
2665
1163
2008
1126
1343
1714
1152
1232
1004
2088
1432
1132
1140
1330
1123
1334
1006
1346
1036
1250
3073
1178
1404
1160
1193
1153
1571
2266
1001
1504
1160
12681
1148
1315
3806
1214
1099
1052
1112
1184
3463
1310
2176
2090
1025
1508
1956
1337
8346
2076
14687
3162
2330
1135
1086
1650
1045
1077
1226
1540
1013
1114
1063
2006
1380
1115
1013
1061
1436
1144
1178
1163
11430
1974
1010
12027
1893
1063
12714
3089
1259
2511
1155
2017
1107
1446
1020
1195
1038
1138
1154
1163
1614
1078
1262
1928
1040
1710
1525
1110
1071
3458
1162
2576
1123
1136
1552
2390
1278
1047
1105
1277
1088
4183
21074
1272
1051
1998
1416
1234
1189
1078
4163
1594
1025
2905
1001
1062
1029
2354
1732
11985
1152
3650
2999
3553
3100
11951
1147
1159
2849
1926
1190
1301
1206
1050
1126
1366
25840
1157
1051
1416
2697
1165
1014
2636
1044
1181
1200
1171
1900
3159
2043
2744
1070
1130
1945
1533
2575
1033
1475
2442
1175
1049
1199
2059
2390
1123
1118
1986
1038
1162
1549
2086
1586
1067
1962
1052
1114
1045
2304
1090
1005
1062
1033
2668
1195
1415
11743
1466
2916
5323
1416
1719
1035
1432
1198
1054
1082
1297
1374
1001
1270
3010
1229
1020
1030
2005
1081
1391
1502
1567
1042
1072
3681
1105
1280
3648
1047
1007
1222
2185
14006
1084
1146
2451
1190
2221
1165
3950
1378
1966
1030
11126
1173
1373
3708
1063
1179
2027
1161
2084
5060
1308
2383
1247
1006
1059
1490
4295
1231
1205
1074
2617
1518
1294
2570
2491
2991
1140
1120
1208
1134
1124
1610
1225
1347
1223
1018
1084
4400
3477
1194
1263
1076
12354
2033
1167
3080
1504
1130
2733
1344
2783
1047
1139
1240
1251
11569
2435
1081
2253
1103
1328
1566
2381
1150
2094
13906
1125
1080
1060
2984
1027
1114
1258
2200
1262
1926
1550
1303
1167
1025
1304
1160
1075
1302
12399
1075
2081
1127
2033
2791
4465
2521
1139
1905
1262
2344
2626
1168
2384
1241
1117
3864
1158
1521
1029
1412
1192
2903
2227
1133
5182
1293
2541
4225
2105
1608
1035
1025
1264
14199
2793
1131
12424
1611
1278
1976
1041
1044
1872
1056
1728
1263
1043
2394
12002
1826
2588
2291
1076
1109
1263
1001
1219
6860
2881
12632
1374
1882
2190
1581
1117
2092
1299
1754
1035
1097
4188
1035
1123
2547
1098
2352
2884
1157
2447
1289
1132
544
4377
13317
1189
2060
1832
12368
1352
2217
1110
1004
1316
14983
1135
2529
1029
2198
1026
1785
2383
1236
1132
2487
1200
1225
1990
1005
1012
1159
1849
1076
1304
1231
12856
5891
1146
1064
1090
1468
1079
1076
1227
2670
1900
1747
1103
1998
1045
3120
1253
1144
6076
2438
3073
1011
1277
1231
1210
11958
2575
2549
1843
2462
1022
2369
2030
1872
1008
1116
1458
1484
1761
1126
2555
1012
1966
1246
1119
1136
1933
3490
1775
1148
2647
2010
2937
1119
1062
3807
1538
2382
1077
5360
1048
2379
1022
3197
1234
1040
1333
15522
1975
3196
1903
1048
2858
1022
1019
1156
2103
2790
1178
1287
1369
1114
1041
1094
1734
1011
1315
4573
12459
1026
1006
1304
1105
1031
1185
1105
1173
1142
1311
1356
1924
1080
3622
1375
3913
2536
1088
1179
2046
1271
5465
1005
1044
4436
1377
3201
4370
1114
1118
1066
1186
1125
1004
1278
1235
1202
1108
1347
2795
1233
1139
12654
1339
1139
11220
1049
1203
1070
3434
1249
1377
2421
1266
2922
1039
1193
1203
1156
4815
1719
4888
1408
12095
1197
4381
1411
1045
1154
2105
1901
1154
2187
3716
2248
1208
1770
2574
1151
2911
1685
1118
1192
12536
1053
1422
1188
1461
1107
2556
1323
2060
2795
1445
11807
1023
2787
1407
1088
1863
6237
1487
1166
1087
1212
1198
13256
5189
2736
1126
1083
1962
1053
2520
1854
1696
1117
1083
13416
1285
1063
1224
1205
1069
1379
12148
1032
1429
2629
1140
3284
1015
2328
3503
1260
1116
1492
1179
2788
1070
1016
1929
1961
1185
1117
1800
5281
2385
12142
2064
1018
1227
1219
1209
2434
1124
2688
1995
1163
1274
1917
1103
1186
2124
1462
1115
4222
1169
1532
1089
3858
1224
1129
1332
1577
1286
1014
1391
8007
1464
1294
3157
4553
1275
2517
2438
1988
13455
1148
1290
1270
1154
1064
1234
1208
2050
7722
1016
1384
1189
1042
1016
1069
3806
1133
1806
2793
1134
1430
1424
3871
12827
2117
1193
2957
1117
1280
1043
3123
1226
2428
1083
1058
3058
1019
2308
1667
1191
1014
1451
2087
1275
2102
1021
2381
1174
3466
1055
1207
1990
1080
12424
2971
1610
1543
3649
1116
2510
2431
1976
1205
4272
1261
1776
2470
2860
3156
9341
1337
1218
1114
1446
3373
6396
1091
5915
1053
4310
1966
1381
13553
12034
1703
2516
1129
1947
1467
1033
2429
2703
4939
1869
1106
1279
1060
4967
2207
1724
1108
1643
4361
2079
1089
3527
1011
2796
2232
1059
3227
1021
1171
1074
2400
3557
2822
1101
2326
1907
1675
1819
2669
1096
1226
2476
3218
1117
1141
1248
1211
1109
4231
3209
1424
2889
1029
2882
1031
4820
1142
1251
1039
3622
1943
1368
1473
3932
2479
2943
2928
1050
1251
6062
4608
1086
1240
1074
1152
2325
11148
1087
4256
1048
2108
1377
1641
1090
1193
1101
3044
1219
1191
1079
1225
2982
4986
2628
1260
3009
1105
4081
1494
3277
1150
2664
4030
2603
3080
3234
1040
1201
1199
1105
1148
1225
3553
4378
1147
1586
2161
2124
2611
1225
1333
2584
1062
2062
2385
1048
1102
2014
1276
2198
1203
3519
1533
1716
1797
1340
1166
1005
1042
2784
1271
2129
1246
1032
1229
1144
1377
1177
1291
2006
1102
1182
1961
1555
2612
4273
2882
1339
2368
1231
3144
3025
2794
2541
1832
1520
2173
1261
1178
1625
2860
2342
1220
1137
4865
1471
6294
15068
1084
1715
2914
3299
1096
1167
13935
2982
3043
1274
1028
1123
1962
2893
4305
2644
2375
1014
1090
1560
1890
2063
3348
3252
1597
1738
1931
2385
1225
1239
3964
1223
2882
1116
1209
1629
2926
1227
1190
1802
1394
1527
1801
1351
14098
1110
2855
3396
1406
1487
2804
1371
1340
1851
1197
1386
1870
1067
564
2848
5968
3262
2575
4903
3970
6698
4006
3717
3171
4471
5098
4996
5772
3638
7123
3129
2811
3755
5698
4289
2927
6900
3259
2529
7314
2438
2745
3818
2157
2828
4701
4182
3085
4336
5463
6041
6193
2577
3603
3268
3554
3402
2583
2924
14028
2919
6000
2618
3737
2561
3365
3174
3386
3190
4994
4135
2417
3593
3302
3646
3389
2234
3313
3013
2295
5026
3223
4933
3308
13501
2511
2205
1936
3660
4785
2876
5000
2112
4705
2216
3991
2419
2119
5316
6546
2425
1391
4581
4150
3574
5952
5324
14503
4310
1385
1242
2421
1019
3960
1099
3259
1153
1189
1213
3527
1553
2577
2270
6825
1733
1112
3906
1143
1410
2708
5061
5383
7003
6860
4452
2378
9865
18299
4202
15417
19956
44411
13157
76224
11983
87365
36913
22604
23238
36482
25537
62570
45120
22882
46986
37106
16157
57785
20763
28305
25698
29583
25560
26115
86267
13455
43383
12632
10091
24503
88768
47411
50625
76973
23542271
1625
1311
1709
1713
2464
1258
2956
2781
2432
2078
1516
1793
1956
1004
1195
1541
1978
2999
1092
1049
2259
1453
1312
1869
1220
2591
1737
1560
2639
1970
1870
1947
2113
1964
1424
1575
1283
1843
1097
1441
2286
1412
2113
1899
1018
1869
2114
1186
2192
1121
3254
1920
1258
1888
1461
1056
2089
1012
1055
1944
2209
1902
2841
2087
1813
1195
2189
1906
1678
1327
1683
1643
1743
1022
1818
1355
1159
1244
1189
1927
1843
1998
1011
1657
1130
1084
1295
1007
2557
2113
1703
1315
13940
1841
1047
1240
1478
2228
1133
1078
1063
3206
2189
2293
2412
1577
1036
1296
2201
1355
1174
2273
1785
1829
2637
2161
1037
1452
1986
1637
1704
2500
1082
1223
1818
1018
1928
2196
2259
2641
1241
1228
1787
1786
1067
1865
1221
1019
2269
1238
1935
1381
2689
1408
1051
2605
2335
1233
1550
1023
1622
1546
1716
1452
1252
1525
1519
1891
2035
1074
1048
1040
2904
1107
1645
1842
2177
2307
1005
1916
1075
1238
1895
1741
2021
1037
1775
1993
2823
1386
2283
1038
2147
1895
1482
2425
1488
1323
2520
1336
1091
1028
1052
1380
1419
1423
1630
2096
1055
1747
1251
2363
2079
2877
1544
1476
1062
2166
1856
1376
1271
1558
1509
2871
1813
1963
1100
1238
1155
3523
1829
1131
1724
2389
1088
1184
1843
2698
1189
1129
1679
1164
1238
1980
1163
12848
13549
1013
1178
1268
2505
2094
1637
1687
1489
1093
1421
1253
1904
1340
1492
1939
1573
1680
1800
1326
1841
3002
2822
1042
2132
2287
1049
2322
1792
1115
3076
1027
1425
1015
3347
1098
1556
1933
2945
2751
1185
1051
1529
1747
1708
2765
2237
1211
1830
1209
1871
1161
2109
1063
2126
1031
1623
1769
1057
1284
2044
1184
2366
1309
2825
1432
1046
13234
3024
1078
3275
3478
1175
2814
2317
1178
2220
1510
1037
1260
2372
1200
1186
2420
1595
1135
2834
2284
5832
1235
2068
1102
1086
2937
1257
3926
1315
12187
1534
2289
1145
2844
2833
2355
4515
2060
1008
1265
3553
3984
2282
1269
1306
3290
1158
2318
1173
1184
1100
1161
2139
11522
1798
1159
1109
1212
1053
1208
1153
1071
5057
1402
2475
2635
1310
5555
1586
2413
2846
1271
1301
2463
1281
1294
4072
1134
1084
1361
1112
1556
1326
13394
1803
1636
2603
1181
2223
2671
1058
2686
1112
5387
1710
13108
2247
3921
2210
2379
5232
3582
4085
3730
2357
9368
4013
3059
2353
2819
3100
4012
2996
3602
2964
1868
2439
3123
2829
3913
2009
3473
3941
1936
3603
1916
4395
3745
1903
3775
2750
2328
2910
3065
2830
4879
4917
1903
3498
3201
27447
33320
3667352
1237
1186
1297
1101
1459
3213
2688
1284
1282
2815
1947
1134
1001
1155
2565
2473
1035
1751
2303
2799
3537
1049
2508
5984
1683
1020
1303
2762
1116
2521
1260
1144
1033
1063
1268
3375
1224
2477
1086
1485
1109
3077
1222
1142
1029
1775
1041
1126
1032
2005
1129
1192
1152
1443
1106
1073
1690
1712
3502
1060
1059
2642
1224
1619
1890
1766
1064
1155
1159
1118
1195
1148
3102
1056
3173
1010
1110
2522
1019
1166
1961
1271
1027
1393
1162
1054
1297
1166
2342
1218
1147
1056
2836
1063
1136
1356
1087
1322
1169
1176
1139
1075
3499
1360
1330
1068
1241
1042
1863
1270
1158
2899
1116
1333
1304
1683
2096
1098
1012
1010
3046
1010
3154
1090
1170
1012
1053
1230
1171
1637
11763
5520
2728
1243
2694
11498
1029
1946
1132
1131
1058
1029
1111
1181
1283
1525
1440
1144
1382
1037
1122
1227
2206
1146
1690
2063
1140
1136
1429
3374
1456
1014
1182
1163
1072
1756
1141
1171
2232
1051
1341
1030
1039
1202
1383
2709
1277
13079
3713
3341
4197
4059
3195
2922
12513
5564
12001
66439
33316
34521
39041
34359
31460
21921
25805
24380
44104
73091
66731
