0
23592960
49020928
77332480
109576192
111149056
111411200
111673344
111935488
112197632
112459776
112721920
112984064
113246208
113508352
113770496
114032640
114294784
114556928
114819072
115081216
115343360
115605504
115867648
116129792
116391936
116654080
116916224
117178368
117440512
117702656
117964800
118226944
118489088
118751232
119013376
119275520
119537664
119799808
120061952
120324096
120586240
120848384
121110528
121372672
121634816
121896960
122159104
122421248
122683392
122945536
123207680
123469824
123731968
123994112
124256256
124518400
124780544
125042688
125304832
125566976
125829120
126091264
126353408
126615552
126877696
127139840
127401984
127664128
127926272
128188416
128450560
128712704
128974848
129236992
129499136
129761280
130023424
130285568
130547712
130809856
131072000
131334144
131596288
131858432
132120576
132382720
132644864
132907008
133169152
133431296
133693440
133955584
134217728
134479872
134742016
135004160
135266304
135528448
135790592
136052736
136314880
136577024
136839168
137101312
137363456
137625600
137887744
138149888
138412032
138674176
138936320
139198464
139460608
139722752
139984896
140247040
140509184
140771328
141033472
141295616
141557760
141819904
142082048
142344192
142606336
142868480
143130624
143392768
143654912
143917056
144179200
144441344
144703488
144965632
145227776
145489920
145752064
146014208
146276352
146538496
146800640
147062784
147324928
147587072
147849216
148111360
148373504
148635648
148897792
149159936
149422080
149684224
149946368
150208512
150470656
150732800
150994944
151257088
151519232
151781376
152043520
152305664
152567808
152829952
153092096
153354240
153616384
153878528
154140672
154402816
154664960
154927104
155189248
155451392
155713536
155975680
156237824
156499968
156762112
157024256
157286400
157548544
157810688
158072832
158334976
158597120
158859264
159121408
159383552
159645696
159907840
160169984
160432128
160694272
160956416
161218560
161480704
161742848
162004992
162267136
162529280
162791424
163053568
163315712
163577856
163840000
164102144
164364288
164626432
164888576
165150720
165412864
165675008
165937152
166199296
166461440
166723584
166985728
167247872
167510016
167772160
168034304
168296448
168558592
168820736
169082880
169345024
169607168
169869312
170131456
170393600
170655744
170917888
171180032
171442176
171704320
171966464
172228608
172490752
172752896
173015040
173277184
173539328
173801472
174063616
174325760
174587904
174850048
175112192
175374336
175636480
175898624
176160768
176422912
176685056
176947200
177209344
177471488
177733632
177995776
178257920
178520064
178782208
179044352
179306496
179568640
179830784
180092928
180355072
180617216
180879360
181141504
181403648
181665792
181927936
182190080
182452224
182714368
182976512
183238656
183500800
183762944
184025088
184287232
184549376
184811520
185073664
185335808
185597952
185860096
186122240
186384384
186646528
186908672
187170816
187432960
187695104
187957248
188219392
188481536
188743680
189005824
189267968
189530112
189792256
190054400
190316544
190578688
190840832
191102976
191365120
191627264
191889408
192151552
192413696
192675840
192937984
193200128
193462272
193724416
193986560
194248704
194510848
194772992
195035136
195297280
195559424
195821568
196083712
196345856
196608000
196870144
197132288
197394432
197656576
197918720
198180864
198443008
198705152
198967296
199229440
199491584
199753728
200015872
200278016
200540160
200802304
201064448
201326592
201588736
201850880
202113024
202375168
202637312
202899456
203161600
203423744
203685888
203948032
204210176
204472320
204734464
204996608
205258752
205520896
205783040
206045184
206307328
206569472
206831616
207093760
207355904
207618048
207880192
208142336
208404480
208666624
208928768
209190912
209453056
209715200
209977344
210239488
210501632
210763776
211025920
211288064
211550208
211812352
212074496
212336640
212598784
212860928
213123072
213385216
213647360
213909504
214171648
214433792
214695936
214958080
215220224
215482368
215744512
216006656
216268800
216530944
216793088
217055232
217317376
217579520
217841664
218103808
218365952
218628096
218890240
219152384
219414528
219676672
219938816
220200960
220463104
220725248
220987392
221249536
221511680
221773824
222035968
222298112
222560256
222822400
223084544
223346688
223608832
223870976
224133120
224395264
224657408
224919552
225181696
225443840
225705984
225968128
226230272
226492416
226754560
227016704
227278848
227540992
227803136
228065280
228327424
228589568
228851712
229113856
229376000
229638144
229900288
230162432
230424576
230686720
230948864
231211008
231473152
231735296
231997440
232259584
232521728
232783872
233046016
233308160
233570304
233832448
234094592
234356736
234618880
234881024
235143168
235405312
235667456
235929600
236191744
236453888
236716032
236978176
237240320
237502464
237764608
238026752
238288896
238551040
238813184
239075328
239337472
239599616
239861760
240123904
240386048
240648192
240910336
241172480
241434624
241696768
241958912
242221056
242483200
242745344
243007488
243269632
243531776
243793920
244056064
244318208
244580352
244842496
245104640
245366784
245628928
245891072
246153216
246415360
246677504
246939648
247201792
247463936
247726080
247988224
248250368
248512512
248774656
249036800
249298944
249561088
249823232
250085376
250347520
250609664
250871808
251133952
251396096
251658240
251920384
252182528
252444672
252706816
252968960
253231104
253493248
253755392
254017536
254279680
254541824
254803968
255066112
255328256
255590400
255852544
256114688
256376832
256638976
256901120
257163264
257425408
257687552
257949696
258211840
258473984
258736128
258998272
259260416
259522560
259784704
260046848
260308992
260571136
260833280
261095424
261357568
261619712
261881856
262144000
262406144
262668288
262930432
263192576
263454720
263716864
263979008
264241152
264503296
264765440
265027584
265289728
265551872
265814016
266076160
266338304
266600448
266862592
267124736
267386880
267649024
267911168
268173312
268435456
268697600
268959744
269221888
269484032
269746176
270008320
270270464
270532608
270794752
271056896
271319040
271581184
271843328
272105472
272367616
272629760
272891904
273154048
273416192
273678336
273940480
274202624
274464768
274726912
274989056
275251200
275513344
275775488
276037632
276299776
276561920
276824064
277086208
277348352
277610496
277872640
278134784
278396928
278659072
278921216
279183360
279445504
279707648
279969792
280231936
280494080
280756224
281018368
281280512
281542656
281804800
282066944
282329088
282591232
282853376
283115520
283377664
283639808
283901952
284164096
284426240
284688384
284950528
285212672
285474816
285736960
285999104
286261248
286523392
286785536
287047680
287309824
287571968
287834112
288096256
288358400
288620544
288882688
289144832
289406976
289669120
289931264
290193408
290455552
290717696
290979840
291241984
291504128
291766272
292028416
292290560
292552704
292814848
293076992
293339136
293601280
293863424
294125568
294387712
294649856
294912000
295174144
295436288
295698432
295960576
296222720
296484864
296747008
297009152
297271296
297533440
297795584
298057728
298319872
298582016
298844160
299106304
299368448
299630592
299892736
300154880
300417024
300679168
300941312
301203456
301465600
301727744
301989888
302252032
302514176
302776320
303038464
303300608
303562752
303824896
304087040
304349184
304611328
304873472
305135616
305397760
305659904
305922048
306184192
306446336
306708480
306970624
307232768
307494912
307757056
308019200
308281344
308543488
308805632
309067776
309329920
309592064
309854208
310116352
310378496
310640640
310902784
311164928
311427072
311689216
311951360
312213504
312475648
312737792
312999936
313262080
313524224
313786368
314048512
314310656
314572800
314834944
315097088
315359232
315621376
315883520
316145664
316407808
316669952
316932096
317194240
317456384
317718528
317980672
318242816
318504960
318767104
319029248
319291392
319553536
319815680
320077824
320339968
320602112
320864256
321126400
321388544
321650688
321912832
322174976
322437120
322699264
322961408
323223552
323485696
323747840
324009984
324272128
324534272
324796416
325058560
325320704
325582848
325844992
326107136
326369280
326631424
326893568
327155712
327417856
327680000
327942144
328204288
328466432
328728576
328990720
329252864
329515008
329777152
330039296
330301440
330563584
330825728
331087872
331350016
331612160
331874304
332136448
332398592
332660736
332922880
333185024
333447168
333709312
333971456
334233600
334495744
334757888
335020032
335282176
335544320
335806464
336068608
336330752
336592896
336855040
337117184
337379328
337641472
337903616
338165760
338427904
338690048
338952192
339214336
339476480
339738624
340000768
340262912
340525056
340787200
341049344
341311488
341573632
341835776
342097920
342360064
342622208
342884352
343146496
343408640
343670784
343932928
344195072
344457216
344719360
344981504
345243648
345505792
345767936
346030080
346292224
346554368
346816512
347078656
347340800
347602944
347865088
348127232
348389376
348651520
348913664
349175808
349437952
349700096
349962240
350224384
350486528
350748672
351010816
351272960
351535104
351797248
352059392
352321536
352583680
352845824
353107968
353370112
353632256
353894400
354156544
354418688
354680832
354942976
355205120
355467264
355729408
355991552
356253696
356515840
356777984
357040128
357302272
357564416
357826560
358088704
358350848
358612992
358875136
359137280
359399424
359661568
359923712
360185856
360448000
360710144
360972288
361234432
361496576
361758720
362020864
362283008
362545152
362807296
363069440
363331584
363593728
363855872
364118016
364380160
364642304
364904448
365166592
365428736
365690880
365953024
366215168
366477312
366739456
367001600
367263744
367525888
367788032
368050176
368312320
368574464
368836608
369098752
369360896
369623040
369885184
370147328
370409472
370671616
370933760
371195904
371458048
371720192
371982336
372244480
372506624
372768768
373030912
373293056
373555200
373817344
374079488
374341632
374603776
374865920
375128064
375390208
375652352
375914496
376176640
376438784
376700928
376963072
377225216
377487360
377749504
378011648
378273792
378535936
378798080
379060224
379322368
379584512
379846656
380108800
380370944
380633088
380895232
381157376
381419520
381681664
381943808
382205952
382468096
382730240
382992384
383254528
383516672
383778816
384040960
384303104
384565248
384827392
385089536
385351680
385613824
385875968
386138112
386400256
386662400
386924544
387186688
387448832
387710976
387973120
388235264
388497408
388759552
389021696
389283840
389545984
389808128
390070272
390332416
390594560
390856704
391118848
391380992
391643136
391905280
392167424
392429568
392691712
392953856
393216000
393478144
393740288
394002432
394264576
394526720
394788864
395051008
395313152
395575296
395837440
396099584
396361728
396623872
396886016
397148160
397410304
397672448
397934592
398196736
398458880
398721024
398983168
399245312
399507456
399769600
400031744
400293888
400556032
400818176
401080320
401342464
401604608
401866752
402128896
402391040
402653184
402915328
403177472
403439616
403701760
403963904
404226048
404488192
404750336
405012480
405274624
405536768
405798912
406061056
406323200
406585344
406847488
407109632
407371776
407633920
407896064
408158208
408420352
408682496
408944640
409206784
409468928
409731072
409993216
410255360
410517504
410779648
411041792
411303936
411566080
411828224
412090368
412352512
412614656
412876800
413138944
413401088
413663232
413925376
414187520
414449664
414711808
414973952
415236096
415498240
415760384
416022528
416284672
416546816
416808960
417071104
417333248
417595392
417857536
418119680
418381824
418643968
418906112
419168256
419430400
419692544
419954688
420216832
420478976
420741120
421003264
421265408
421527552
421789696
422051840
422313984
422576128
422838272
423100416
423362560
423624704
423886848
424148992
424411136
424673280
424935424
425197568
425459712
425721856
425984000
426246144
426508288
426770432
427032576
427294720
427556864
427819008
428081152
428343296
428605440
428867584
429129728
429391872
429654016
429916160
430178304
430440448
454033408
454295552
454557696
454819840
455081984
455344128
455606272
455868416
456130560
456392704
456654848
456916992
457179136
457441280
457703424
457965568
458227712
458489856
458752000
459014144
459276288
459538432
459800576
460062720
460324864
460587008
460849152
461111296
461373440
461635584
461897728
462159872
462422016
462684160
462946304
463208448
463470592
463732736
463994880
464257024
464519168
464781312
465043456
465305600
465567744
465829888
466092032
466354176
466616320
466878464
467140608
467402752
467664896
467927040
468189184
468451328
468713472
468975616
469237760
469499904
469762048
470024192
470286336
470548480
470810624
471072768
471334912
471597056
471859200
472121344
472383488
472645632
472907776
473169920
473432064
473694208
473956352
474218496
474480640
474742784
475004928
475267072
475529216
475791360
476053504
476315648
476577792
476839936
477102080
477364224
477626368
477888512
478150656
478412800
478674944
478937088
479199232
479461376
479723520
479985664
480247808
480509952
480772096
481034240
481296384
481558528
481820672
482082816
482344960
482607104
482869248
483131392
483393536
483655680
483917824
484179968
484442112
484704256
484966400
485228544
485490688
485752832
486014976
486277120
486539264
486801408
487063552
487325696
487587840
487849984
488112128
488374272
488636416
488898560
489160704
489422848
489684992
489947136
490209280
490471424
490733568
490995712
491257856
491520000
491782144
492044288
492306432
492568576
492830720
493092864
493355008
493617152
493879296
494141440
494403584
494665728
494927872
495190016
495452160
495714304
495976448
496238592
496500736
496762880
497025024
497287168
497549312
497811456
498073600
498335744
498597888
498860032
499122176
499384320
499646464
499908608
500170752
500432896
500695040
500957184
501219328
501481472
501743616
502005760
502267904
502530048
502792192
503054336
503316480
503578624
503840768
504102912
504365056
504627200
504889344
505151488
505413632
505675776
505937920
506200064
506462208
506724352
506986496
507248640
507510784
507772928
508035072
508297216
508559360
508821504
509083648
509345792
509607936
509870080
510132224
510394368
510656512
510918656
511180800
511442944
511705088
511967232
512229376
512491520
512753664
513015808
513277952
513540096
513802240
514064384
514326528
514588672
514850816
515112960
515375104
515637248
515899392
516161536
516423680
516685824
516947968
517210112
517472256
517734400
517996544
518258688
518520832
518782976
519045120
519307264
519569408
519831552
520093696
520355840
520617984
520880128
521142272
521404416
521666560
521928704
522190848
522452992
522715136
522977280
523239424
523501568
523763712
524025856
524288000
524550144
524812288
525074432
525336576
525598720
525860864
526123008
526385152
526647296
526909440
527171584
527433728
527695872
527958016
528220160
528482304
528744448
529006592
529268736
529530880
529793024
530055168
530317312
530579456
530841600
531103744
531365888
531628032
531890176
532152320
532414464
532676608
532938752
533200896
533463040
533725184
533987328
534249472
534511616
534773760
535035904
535298048
535560192
535822336
536084480
536346624
536608768
536870912
537133056
537395200
537657344
537919488
538181632
538443776
538705920
538968064
539230208
539492352
539754496
540016640
540278784
540540928
540803072
541065216
541327360
541589504
541851648
542113792
542375936
542638080
542900224
543162368
543424512
543686656
543948800
544210944
544473088
544735232
544997376
545259520
545521664
545783808
546045952
546308096
546570240
546832384
547094528
547356672
547618816
547880960
548143104
548405248
548667392
548929536
549191680
549453824
549715968
549978112
550240256
550502400
550764544
551026688
551288832
551550976
551813120
552075264
552337408
552599552
552861696
553123840
553385984
553648128
553910272
554172416
554434560
554696704
554958848
555220992
555483136
555745280
556007424
556269568
556531712
556793856
557056000
557318144
557580288
557842432
558104576
558366720
558628864
558891008
559153152
559415296
559677440
559939584
560201728
560463872
560726016
560988160
561250304
561512448
561774592
562036736
562298880
562561024
562823168
563085312
563347456
563609600
563871744
564133888
564396032
564658176
564920320
565182464
565444608
565706752
565968896
566231040
566493184
566755328
567017472
567279616
567541760
567803904
568066048
568328192
568590336
568852480
569114624
569376768
569638912
569901056
570163200
570425344
570687488
570949632
574619648
574881792
575143936
575406080
575668224
575930368
576192512
576454656
576716800
576978944
577241088
577503232
577765376
578027520
578289664
578551808
578813952
579076096
579338240
579600384
579862528
580124672
580386816
580648960
580911104
581173248
581435392
581697536
581959680
582221824
582483968
582746112
583008256
583270400
583532544
583794688
584056832
584318976
584581120
584843264
585105408
585367552
585629696
585891840
586153984
586416128
586678272
586940416
587202560
587464704
587726848
587988992
588251136
588513280
588775424
589037568
589299712
589561856
589824000
590086144
590348288
590610432
590872576
591134720
591396864
591659008
591921152
592183296
592445440
592707584
592969728
593231872
593494016
593756160
594018304
594280448
594542592
594804736
595066880
595329024
595591168
595853312
596115456
596377600
596639744
596901888
597164032
597426176
597688320
597950464
598212608
598474752
598736896
598999040
599261184
599523328
599785472
600047616
600309760
600571904
600834048
601096192
601358336
601620480
601882624
602144768
602406912
602669056
602931200
603193344
603455488
603717632
603979776
604241920
604504064
604766208
605028352
605290496
605552640
605814784
606076928
606339072
606601216
606863360
607125504
607387648
607649792
607911936
608174080
608436224
608698368
608960512
609222656
609484800
609746944
610009088
610271232
610533376
610795520
611057664
611319808
611581952
611844096
612106240
612368384
612630528
612892672
613154816
613416960
613679104
613941248
614203392
614465536
614727680
614989824
615251968
615514112
615776256
616038400
616300544
616562688
616824832
617086976
617349120
617611264
617873408
618135552
618397696
618659840
618921984
619184128
619446272
619708416
619970560
620232704
620494848
620756992
621019136
621281280
621543424
621805568
622067712
622329856
622592000
622854144
623116288
623378432
623640576
623902720
624164864
624427008
624689152
624951296
625213440
625475584
625737728
625999872
626262016
626524160
626786304
